# Wavelength (um)  Transmission
  1.180700         0.0000
  1.180830         0.0000
  1.180960         0.0000
  1.181090         0.0000
  1.181220         0.0000
  1.181350         0.0000
  1.181480         0.0000
  1.181610         0.0000
  1.181740         0.0000
  1.181870         0.0000
  1.182000         0.0000
  1.182130         0.0000
  1.182260         0.0000
  1.182390         0.0000
  1.182520         0.0000
  1.182650         0.0000
  1.182780         0.0000
  1.182910         0.0000
  1.183040         0.0000
  1.183170         0.0000
  1.183300         0.0000
  1.183430         0.0000
  1.183560         0.0000
  1.183690         0.0000
  1.183820         0.0000
  1.183950         0.0000
  1.184080         1.0000
  1.184210         1.0000
  1.184340         1.0000
  1.184470         1.0000
  1.184600         1.0000
  1.184730         1.0000
  1.184860         1.0000
  1.184990         1.0000
  1.185120         1.0000
  1.185250         1.0000
  1.185380         1.0000
  1.185510         1.0000
  1.185640         1.0000
  1.185770         1.0000
  1.185900         1.0000
  1.186030         1.0000
  1.186160         1.0000
  1.186290         1.0000
  1.186420         1.0000
  1.186550         1.0000
  1.186680         1.0000
  1.186810         1.0000
  1.186940         1.0000
  1.187070         1.0000
  1.187200         1.0000
  1.187330         1.0000
  1.187460         1.0000
  1.187590         1.0000
  1.187720         1.0000
  1.187850         1.0000
  1.187980         1.0000
  1.188110         1.0000
  1.188240         1.0000
  1.188370         1.0000
  1.188500         1.0000
  1.188630         1.0000
  1.188760         1.0000
  1.188890         1.0000
  1.189020         1.0000
  1.189150         1.0000
  1.189280         1.0000
  1.189410         1.0000
  1.189540         1.0000
  1.189670         1.0000
  1.189800         1.0000
  1.189930         1.0000
  1.190060         1.0000
  1.190190         1.0000
  1.190320         1.0000
  1.190450         1.0000
  1.190580         1.0000
  1.190710         1.0000
  1.190840         1.0000
  1.190970         1.0000
  1.191100         1.0000
  1.191230         1.0000
  1.191360         1.0000
  1.191490         1.0000
  1.191620         1.0000
  1.191750         1.0000
  1.191880         1.0000
  1.192010         1.0000
  1.192140         1.0000
  1.192270         1.0000
  1.192400         1.0000
  1.192530         1.0000
  1.192660         1.0000
  1.192790         1.0000
  1.192920         1.0000
  1.193050         1.0000
  1.193180         1.0000
  1.193310         1.0000
  1.193440         1.0000
  1.193570         1.0000
  1.193700         1.0000
  1.193830         1.0000
  1.193960         1.0000
  1.194090         1.0000
  1.194220         1.0000
  1.194350         1.0000
  1.194480         1.0000
  1.194610         1.0000
  1.194740         1.0000
  1.194870         1.0000
  1.195000         1.0000
  1.195130         1.0000
  1.195260         1.0000
  1.195390         1.0000
  1.195520         1.0000
  1.195650         1.0000
  1.195780         1.0000
  1.195910         1.0000
  1.196040         1.0000
  1.196170         1.0000
  1.196300         1.0000
  1.196430         1.0000
  1.196560         1.0000
  1.196690         1.0000
  1.196820         1.0000
  1.196950         1.0000
  1.197080         1.0000
  1.197210         1.0000
  1.197340         1.0000
  1.197470         1.0000
  1.197600         1.0000
  1.197730         1.0000
  1.197860         1.0000
  1.197990         1.0000
  1.198120         1.0000
  1.198250         1.0000
  1.198380         1.0000
  1.198510         1.0000
  1.198640         1.0000
  1.198770         1.0000
  1.198900         1.0000
  1.199030         1.0000
  1.199160         1.0000
  1.199290         1.0000
  1.199420         1.0000
  1.199550         1.0000
  1.199680         1.0000
  1.199810         1.0000
  1.199940         1.0000
  1.200070         1.0000
  1.200200         1.0000
  1.200330         1.0000
  1.200460         1.0000
  1.200590         1.0000
  1.200720         1.0000
  1.200850         1.0000
  1.200980         1.0000
  1.201110         1.0000
  1.201240         1.0000
  1.201370         1.0000
  1.201500         1.0000
  1.201630         1.0000
  1.201760         1.0000
  1.201890         1.0000
  1.202020         1.0000
  1.202150         1.0000
  1.202280         1.0000
  1.202410         1.0000
  1.202540         1.0000
  1.202670         1.0000
  1.202800         1.0000
  1.202930         1.0000
  1.203060         1.0000
  1.203190         1.0000
  1.203320         1.0000
  1.203450         1.0000
  1.203580         1.0000
  1.203710         1.0000
  1.203840         1.0000
  1.203970         1.0000
  1.204100         1.0000
  1.204230         1.0000
  1.204360         1.0000
  1.204490         1.0000
  1.204620         1.0000
  1.204750         1.0000
  1.204880         1.0000
  1.205010         1.0000
  1.205140         1.0000
  1.205270         1.0000
  1.205400         1.0000
  1.205530         1.0000
  1.205660         1.0000
  1.205790         1.0000
  1.205920         1.0000
  1.206050         1.0000
  1.206180         1.0000
  1.206310         1.0000
  1.206440         1.0000
  1.206570         1.0000
  1.206700         1.0000
  1.206830         1.0000
  1.206960         1.0000
  1.207090         1.0000
  1.207220         1.0000
  1.207350         1.0000
  1.207480         1.0000
  1.207610         1.0000
  1.207740         1.0000
  1.207870         1.0000
  1.208000         1.0000
  1.208130         1.0000
  1.208260         1.0000
  1.208390         1.0000
  1.208520         1.0000
  1.208650         1.0000
  1.208780         1.0000
  1.208910         1.0000
  1.209040         1.0000
  1.209170         1.0000
  1.209300         1.0000
  1.209430         1.0000
  1.209560         1.0000
  1.209690         1.0000
  1.209820         1.0000
  1.209950         1.0000
  1.210080         1.0000
  1.210210         1.0000
  1.210340         1.0000
  1.210470         1.0000
  1.210600         1.0000
  1.210730         1.0000
  1.210860         1.0000
  1.210990         1.0000
  1.211120         1.0000
  1.211250         1.0000
  1.211380         1.0000
  1.211510         1.0000
  1.211640         1.0000
  1.211770         1.0000
  1.211900         1.0000
  1.212030         1.0000
  1.212160         1.0000
  1.212290         1.0000
  1.212420         1.0000
  1.212550         1.0000
  1.212680         1.0000
  1.212810         1.0000
  1.212940         1.0000
  1.213070         1.0000
  1.213200         1.0000
  1.213330         1.0000
  1.213460         1.0000
  1.213590         1.0000
  1.213720         1.0000
  1.213850         1.0000
  1.213980         1.0000
  1.214110         1.0000
  1.214240         1.0000
  1.214370         1.0000
  1.214500         1.0000
  1.214630         1.0000
  1.214760         1.0000
  1.214890         1.0000
  1.215020         1.0000
  1.215150         1.0000
  1.215280         1.0000
  1.215410         1.0000
  1.215540         1.0000
  1.215670         1.0000
  1.215800         1.0000
  1.215930         1.0000
  1.216060         1.0000
  1.216190         1.0000
  1.216320         1.0000
  1.216450         1.0000
  1.216580         0.0000
  1.216710         0.0000
  1.216840         0.0000
  1.216970         0.0000
  1.217100         0.0000
  1.217230         0.0000
  1.217360         0.0000
  1.217490         0.0000
  1.217620         0.0000
  1.217750         0.0000
  1.217880         0.0000
  1.218010         0.0000
  1.218140         0.0000
  1.218270         0.0000
  1.218400         0.0000
  1.218530         0.0000
  1.218660         0.0000
  1.218790         0.0000
  1.218920         0.0000
  1.219050         0.0000
  1.219180         0.0000
  1.219310         0.0000
  1.219440         0.0000
  1.219570         0.0000
  1.219700         0.0000
