# Wavelength (um)  Transmission
  1.570000         0.0000
  1.570150         0.0000
  1.570300         0.0000
  1.570450         0.0000
  1.570600         0.0000
  1.570750         0.0000
  1.570900         0.0000
  1.571050         0.0000
  1.571200         0.0000
  1.571350         0.0000
  1.571500         0.0000
  1.571650         0.0000
  1.571800         0.0000
  1.571950         0.0000
  1.572100         0.0000
  1.572250         0.0000
  1.572400         0.0000
  1.572550         0.0000
  1.572700         0.0000
  1.572850         0.0000
  1.573000         0.0000
  1.573150         0.0000
  1.573300         0.0000
  1.573450         0.0000
  1.573600         0.0000
  1.573750         0.0000
  1.573900         0.0000
  1.574050         0.0000
  1.574200         0.0000
  1.574350         0.0000
  1.574500         0.0000
  1.574650         0.0000
  1.574800         0.0000
  1.574950         0.0000
  1.575100         0.0000
  1.575250         0.0000
  1.575400         0.0000
  1.575550         0.0000
  1.575700         0.0000
  1.575850         0.0000
  1.576000         0.0000
  1.576150         0.0000
  1.576300         0.0000
  1.576450         0.0000
  1.576600         0.0000
  1.576750         0.0000
  1.576900         0.0000
  1.577050         0.0000
  1.577200         0.0000
  1.577350         0.0000
  1.577500         0.0000
  1.577650         0.0000
  1.577800         0.0000
  1.577950         0.0000
  1.578100         0.0000
  1.578250         0.0000
  1.578400         0.0000
  1.578550         0.0000
  1.578700         0.0000
  1.578850         0.0000
  1.579000         0.0000
  1.579150         0.0000
  1.579300         0.0000
  1.579450         0.0000
  1.579600         0.0000
  1.579750         0.0000
  1.579900         0.0000
  1.580050         1.0000
  1.580200         1.0000
  1.580350         1.0000
  1.580500         1.0000
  1.580650         1.0000
  1.580800         1.0000
  1.580950         1.0000
  1.581100         1.0000
  1.581250         1.0000
  1.581400         1.0000
  1.581550         1.0000
  1.581700         1.0000
  1.581850         1.0000
  1.582000         1.0000
  1.582150         1.0000
  1.582300         1.0000
  1.582450         1.0000
  1.582600         1.0000
  1.582750         1.0000
  1.582900         1.0000
  1.583050         1.0000
  1.583200         1.0000
  1.583350         1.0000
  1.583500         1.0000
  1.583650         1.0000
  1.583800         1.0000
  1.583950         1.0000
  1.584100         1.0000
  1.584250         1.0000
  1.584400         1.0000
  1.584550         1.0000
  1.584700         1.0000
  1.584850         1.0000
  1.585000         1.0000
  1.585150         1.0000
  1.585300         1.0000
  1.585450         1.0000
  1.585600         1.0000
  1.585750         1.0000
  1.585900         1.0000
  1.586050         1.0000
  1.586200         1.0000
  1.586350         1.0000
  1.586500         1.0000
  1.586650         1.0000
  1.586800         1.0000
  1.586950         1.0000
  1.587100         1.0000
  1.587250         1.0000
  1.587400         1.0000
  1.587550         1.0000
  1.587700         1.0000
  1.587850         1.0000
  1.588000         1.0000
  1.588150         1.0000
  1.588300         1.0000
  1.588450         1.0000
  1.588600         1.0000
  1.588750         1.0000
  1.588900         1.0000
  1.589050         1.0000
  1.589200         1.0000
  1.589350         1.0000
  1.589500         1.0000
  1.589650         1.0000
  1.589800         1.0000
  1.589950         1.0000
  1.590100         1.0000
  1.590250         1.0000
  1.590400         1.0000
  1.590550         1.0000
  1.590700         1.0000
  1.590850         1.0000
  1.591000         1.0000
  1.591150         1.0000
  1.591300         1.0000
  1.591450         1.0000
  1.591600         1.0000
  1.591750         1.0000
  1.591900         1.0000
  1.592050         1.0000
  1.592200         1.0000
  1.592350         1.0000
  1.592500         1.0000
  1.592650         1.0000
  1.592800         1.0000
  1.592950         1.0000
  1.593100         1.0000
  1.593250         1.0000
  1.593400         1.0000
  1.593550         1.0000
  1.593700         1.0000
  1.593850         1.0000
  1.594000         1.0000
  1.594150         1.0000
  1.594300         1.0000
  1.594450         1.0000
  1.594600         1.0000
  1.594750         1.0000
  1.594900         1.0000
  1.595050         1.0000
  1.595200         1.0000
  1.595350         1.0000
  1.595500         1.0000
  1.595650         1.0000
  1.595800         1.0000
  1.595950         1.0000
  1.596100         1.0000
  1.596250         1.0000
  1.596400         1.0000
  1.596550         1.0000
  1.596700         1.0000
  1.596850         1.0000
  1.597000         1.0000
  1.597150         1.0000
  1.597300         1.0000
  1.597450         1.0000
  1.597600         1.0000
  1.597750         1.0000
  1.597900         1.0000
  1.598050         1.0000
  1.598200         1.0000
  1.598350         1.0000
  1.598500         1.0000
  1.598650         1.0000
  1.598800         1.0000
  1.598950         1.0000
  1.599100         1.0000
  1.599250         1.0000
  1.599400         1.0000
  1.599550         1.0000
  1.599700         1.0000
  1.599850         1.0000
  1.600000         1.0000
  1.600150         1.0000
  1.600300         1.0000
  1.600450         1.0000
  1.600600         1.0000
  1.600750         1.0000
  1.600900         1.0000
  1.601050         1.0000
  1.601200         1.0000
  1.601350         1.0000
  1.601500         1.0000
  1.601650         1.0000
  1.601800         1.0000
  1.601950         1.0000
  1.602100         1.0000
  1.602250         1.0000
  1.602400         1.0000
  1.602550         1.0000
  1.602700         1.0000
  1.602850         1.0000
  1.603000         1.0000
  1.603150         1.0000
  1.603300         1.0000
  1.603450         1.0000
  1.603600         1.0000
  1.603750         1.0000
  1.603900         1.0000
  1.604050         1.0000
  1.604200         1.0000
  1.604350         1.0000
  1.604500         1.0000
  1.604650         1.0000
  1.604800         1.0000
  1.604950         1.0000
  1.605100         1.0000
  1.605250         1.0000
  1.605400         1.0000
  1.605550         1.0000
  1.605700         1.0000
  1.605850         1.0000
  1.606000         1.0000
  1.606150         1.0000
  1.606300         1.0000
  1.606450         1.0000
  1.606600         1.0000
  1.606750         1.0000
  1.606900         1.0000
  1.607050         1.0000
  1.607200         1.0000
  1.607350         1.0000
  1.607500         1.0000
  1.607650         1.0000
  1.607800         1.0000
  1.607950         1.0000
  1.608100         1.0000
  1.608250         1.0000
  1.608400         1.0000
  1.608550         1.0000
  1.608700         1.0000
  1.608850         1.0000
  1.609000         1.0000
  1.609150         1.0000
  1.609300         1.0000
  1.609450         1.0000
  1.609600         1.0000
  1.609750         1.0000
  1.609900         1.0000
  1.610050         1.0000
  1.610200         1.0000
  1.610350         1.0000
  1.610500         1.0000
  1.610650         1.0000
  1.610800         1.0000
  1.610950         1.0000
  1.611100         1.0000
  1.611250         1.0000
  1.611400         1.0000
  1.611550         1.0000
  1.611700         1.0000
  1.611850         1.0000
  1.612000         1.0000
  1.612150         1.0000
  1.612300         1.0000
  1.612450         1.0000
  1.612600         1.0000
  1.612750         1.0000
  1.612900         1.0000
  1.613050         1.0000
  1.613200         1.0000
  1.613350         1.0000
  1.613500         1.0000
  1.613650         1.0000
  1.613800         1.0000
  1.613950         1.0000
  1.614100         1.0000
  1.614250         1.0000
  1.614400         1.0000
  1.614550         1.0000
  1.614700         1.0000
  1.614850         1.0000
  1.615000         0.0000
  1.615150         0.0000
  1.615300         0.0000
  1.615450         0.0000
  1.615600         0.0000
  1.615750         0.0000
  1.615900         0.0000
  1.616050         0.0000
  1.616200         0.0000
  1.616350         0.0000
  1.616500         0.0000
  1.616650         0.0000
  1.616800         0.0000
  1.616950         0.0000
  1.617100         0.0000
  1.617250         0.0000
  1.617400         0.0000
  1.617550         0.0000
  1.617700         0.0000
  1.617850         0.0000
  1.618000         0.0000
  1.618150         0.0000
  1.618300         0.0000
  1.618450         0.0000
  1.618600         0.0000
  1.618750         0.0000
  1.618900         0.0000
  1.619050         0.0000
  1.619200         0.0000
  1.619350         0.0000
  1.619500         0.0000
  1.619650         0.0000
  1.619800         0.0000
  1.619950         0.0000
  1.620100         0.0000
  1.620250         0.0000
  1.620400         0.0000
  1.620550         0.0000
  1.620700         0.0000
  1.620850         0.0000
  1.621000         0.0000
  1.621150         0.0000
  1.621300         0.0000
  1.621450         0.0000
  1.621600         0.0000
  1.621750         0.0000
  1.621900         0.0000
  1.622050         0.0000
  1.622200         0.0000
  1.622350         0.0000
  1.622500         0.0000
  1.622650         0.0000
  1.622800         0.0000
  1.622950         0.0000
  1.623100         0.0000
  1.623250         0.0000
  1.623400         0.0000
  1.623550         0.0000
  1.623700         0.0000
  1.623850         0.0000
  1.624000         0.0000
  1.624150         0.0000
  1.624300         0.0000
  1.624450         0.0000
  1.624600         0.0000
  1.624750         0.0000
  1.624900         0.0000
